 №        time   |     Uvx    |    Uvix
 1      0.000       100.000     100.000
 2      0.020        98.651     100.000
 3      0.041        94.689     100.000
 4      0.061        88.361     100.000
 5      0.082        80.050     100.000
 6      0.102        70.232     100.000
 7      0.122        59.427     100.000
 8      0.143        48.149      95.877
 9      0.163        36.856      70.785
10      0.184        25.914      46.472
11      0.204        15.574      23.496
12      0.224         5.965       2.144
13      0.245        -2.895       0.000
14      0.265       -11.075       0.000
15      0.286       -18.694       0.000
16      0.306       -25.887       0.000
17      0.327       -32.765       0.000
18      0.347       -39.387       0.000
19      0.367       -45.737       0.000
20      0.388       -51.728       0.000
21      0.408       -57.201       0.000
22      0.429       -61.955       0.000
23      0.449       -65.771       0.000
24      0.469       -68.446       0.000
25      0.490       -69.826       0.000
26      0.510       -69.826       0.000
27      0.531       -68.446       0.000
28      0.551       -65.771       0.000
29      0.571       -61.955       0.000
30      0.592       -57.201       0.000
31      0.612       -51.728       0.000
32      0.633       -45.737       0.000
33      0.653       -39.387       0.000
34      0.673       -32.765       0.000
35      0.694       -25.887       0.000
36      0.714       -18.694       0.000
37      0.735       -11.075       0.000
38      0.755        -2.895       0.000
39      0.776         5.965       2.144
40      0.796        15.574      23.496
41      0.816        25.914      46.472
42      0.837        36.856      70.785
43      0.857        48.149      95.877
44      0.878        59.427     100.000
45      0.898        70.232     100.000
46      0.918        80.050     100.000
47      0.939        88.361     100.000
48      0.959        94.689     100.000
49      0.980        98.651     100.000
50      1.000       100.000     100.000