
 №        time   |     Uvx    |    Uvix
 1      0.000       -92.883     431352.000
 2      0.020       -92.679     429459.594
 3      0.041       -92.475     427574.000
 4      0.061       -92.272     425695.188
 5      0.082       -92.068     423823.281
 6      0.102       -91.866     421958.094
 7      0.122       -91.663     420099.750
 8      0.143       -91.461     418248.031
 9      0.163       -91.259     416403.125
10      0.184       -91.057     414564.844
11      0.204       -90.856     412733.375
12      0.224       -90.655     410908.438
13      0.245       -90.454     409090.219
14      0.265       -90.254     407278.562
15      0.286       -90.053     405473.531
16      0.306       -89.853     403675.094
17      0.327       -89.654     401883.188
18      0.347       -89.454     400097.844
19      0.367       -89.255     398319.031
20      0.388       -89.056     396546.656
21      0.408       -88.858     394780.750
22      0.429       -88.660     393021.344
23      0.449       -88.462     391268.406
24      0.469       -88.264     389521.750
25      0.490       -88.067     387781.625
26      0.510       -87.870     386047.719
27      0.531       -87.673     384320.344
28      0.551       -87.476     382599.125
29      0.571       -87.280     380884.375
30      0.592       -87.084     379175.812
31      0.612       -86.888     377473.562
32      0.633       -86.693     375777.500
33      0.653       -86.498     374087.781
34      0.673       -86.303     372404.188
35      0.694       -86.108     370726.875
36      0.714       -85.914     369055.656
37      0.735       -85.720     367390.594
38      0.755       -85.526     365731.688
39      0.776       -85.333     364078.906
40      0.796       -85.140     362432.188
41      0.816       -84.947     360791.562
42      0.837       -84.754     359156.938
43      0.857       -84.562     357528.500
44      0.878       -84.370     355905.906
45      0.898       -84.178     354289.406
46      0.918       -83.986     352678.875
47      0.939       -83.795     351074.312
48      0.959       -83.604     349475.656
49      0.980       -83.413     347882.938
50      1.000       -83.223     346296.094